2, 4, 64, 8, 0.022087322984589264
3, 4, 64, 8, 0.02209148302790709
1, 4, 64, 8, 0.022083764022681862
0, 4, 64, 8, 0.02208478399552405
1, 16, 64, 8, 0.010474335023900494
2, 16, 64, 8, 0.010484644997632131
3, 16, 64, 8, 0.010486275015864521
4, 16, 64, 8, 0.010503124998649582
5, 16, 64, 8, 0.010502994991838932
6, 16, 64, 8, 0.010522923985263333
7, 16, 64, 8, 0.010531204985454679
10, 16, 64, 8, 0.010570444021141157
11, 16, 64, 8, 0.010570384009042755
12, 16, 64, 8, 0.010593473009066656
13, 16, 64, 8, 0.010605763003695756
14, 16, 64, 8, 0.01063678300124593
15, 16, 64, 8, 0.010646912996890023
0, 16, 64, 8, 0.01047379500232637
8, 16, 64, 8, 0.010550143982982263
9, 16, 64, 8, 0.010550144012086093
1, 64, 64, 8, 0.01575136699830182
2, 64, 64, 8, 0.015744628006359562
3, 64, 64, 8, 0.015755375992739573
5, 64, 64, 8, 0.01578417600831017
6, 64, 64, 8, 0.01578935602447018
20, 64, 64, 8, 0.015940965007757768
21, 64, 64, 8, 0.01595184500911273
22, 64, 64, 8, 0.01596780397812836
23, 64, 64, 8, 0.015980702999513596
24, 64, 64, 8, 0.016003743978217244
25, 64, 64, 8, 0.01601614398532547
26, 64, 64, 8, 0.016027462988859043
27, 64, 64, 8, 0.016036003013141453
28, 64, 64, 8, 0.01604687297367491
29, 64, 64, 8, 0.016063792019849643
30, 64, 64, 8, 0.016084281989606097
31, 64, 64, 8, 0.016087963012978435
32, 64, 64, 8, 0.016115251026349142
33, 64, 64, 8, 0.016115261998493224
34, 64, 64, 8, 0.016128951974678785
35, 64, 64, 8, 0.016134760982822627
36, 64, 64, 8, 0.0161696010036394
37, 64, 64, 8, 0.016183080995688215
38, 64, 64, 8, 0.016191280010389164
39, 64, 64, 8, 0.016196941025555134
41, 64, 64, 8, 0.01624446001369506
42, 64, 64, 8, 0.016263628989690915
43, 64, 64, 8, 0.016264359990600497
44, 64, 64, 8, 0.01628186000743881
45, 64, 64, 8, 0.01630382999428548
46, 64, 64, 8, 0.016321208007866517
47, 64, 64, 8, 0.016324989002896473
48, 64, 64, 8, 0.016355767991626635
49, 64, 64, 8, 0.016368709009839222
50, 64, 64, 8, 0.016387957992265
51, 64, 64, 8, 0.016388328018365428
52, 64, 64, 8, 0.01641870799358003
53, 64, 64, 8, 0.01643817700096406
54, 64, 64, 8, 0.016450636991066858
55, 64, 64, 8, 0.01645312801701948
56, 64, 64, 8, 0.016480466001667082
57, 64, 64, 8, 0.01648974700947292
58, 64, 64, 8, 0.01650950699695386
59, 64, 64, 8, 0.016509387001860887
60, 64, 64, 8, 0.016519885015441105
61, 64, 64, 8, 0.016519516007974744
62, 64, 64, 8, 0.01651957500143908
63, 64, 64, 8, 0.016519925993634388
4, 64, 64, 8, 0.015778207016410306
7, 64, 64, 8, 0.01579926599515602
8, 64, 64, 8, 0.015812607016414404
9, 64, 64, 8, 0.015819626016309485
10, 64, 64, 8, 0.015826546004973352
11, 64, 64, 8, 0.015830337011720985
12, 64, 64, 8, 0.01585299600264989
13, 64, 64, 8, 0.01586209499510005
14, 64, 64, 8, 0.015876774996286258
15, 64, 64, 8, 0.015882954990956932
16, 64, 64, 8, 0.015906165004707873
17, 64, 64, 8, 0.015908064000541344
18, 64, 64, 8, 0.015917575015919283
19, 64, 64, 8, 0.015926734980894253
40, 64, 64, 8, 0.016227359999902546
0, 64, 64, 8, 0.015750387974549085
3, 4, 128, 8, 0.014468936016783118
1, 4, 128, 8, 0.014065272000152618
2, 4, 128, 8, 0.01419193999026902
0, 4, 128, 8, 0.014471176022198051
1, 16, 128, 8, 0.014212150010280311
2, 16, 128, 8, 0.014178860001266003
3, 16, 128, 8, 0.014482536003924906
4, 16, 128, 8, 0.01452266500564292
5, 16, 128, 8, 0.014524194994010031
6, 16, 128, 8, 0.014854089997243136
7, 16, 128, 8, 0.014857461006613448
8, 16, 128, 8, 0.014868330006720498
9, 16, 128, 8, 0.014867040008539334
10, 16, 128, 8, 0.015199814981315285
11, 16, 128, 8, 0.015199754998320714
12, 16, 128, 8, 0.015247515024384484
13, 16, 128, 8, 0.01555015001213178
14, 16, 128, 8, 0.015580089995637536
15, 16, 128, 8, 0.01587321498664096
0, 16, 128, 8, 0.014276328991400078
1, 64, 128, 8, 0.02139281400013715
2, 64, 128, 8, 0.02139711400377564
3, 64, 128, 8, 0.021399714023573324
8, 64, 128, 8, 0.021456962975207716
9, 64, 128, 8, 0.02146503300173208
10, 64, 128, 8, 0.021474212990142405
11, 64, 128, 8, 0.0214714529865887
16, 64, 128, 8, 0.021566130977589637
17, 64, 128, 8, 0.021569820994045585
18, 64, 128, 8, 0.021582071000011638
20, 64, 128, 8, 0.021608041017316282
21, 64, 128, 8, 0.02162597098504193
22, 64, 128, 8, 0.021645789995091036
23, 64, 128, 8, 0.021657520002918318
28, 64, 128, 8, 0.021738298994023353
29, 64, 128, 8, 0.021752089000074193
30, 64, 128, 8, 0.02176677799434401
31, 64, 128, 8, 0.021773638000013307
32, 64, 128, 8, 0.021792058018036187
33, 64, 128, 8, 0.021804538002470508
34, 64, 128, 8, 0.021820908004883677
35, 64, 128, 8, 0.021826297015650198
36, 64, 128, 8, 0.02185565698891878
37, 64, 128, 8, 0.021886565984459594
38, 64, 128, 8, 0.021903606015257537
39, 64, 128, 8, 0.021906745998421684
40, 64, 128, 8, 0.02193541600718163
41, 64, 128, 8, 0.021955524978693575
42, 64, 128, 8, 0.02196965500479564
43, 64, 128, 8, 0.021980844991048798
44, 64, 128, 8, 0.022001414996339008
45, 64, 128, 8, 0.022020664997398853
46, 64, 128, 8, 0.022036193986423314
47, 64, 128, 8, 0.02203969398397021
48, 64, 128, 8, 0.02206616397597827
49, 64, 128, 8, 0.022087564022513106
50, 64, 128, 8, 0.022104243020294234
51, 64, 128, 8, 0.022112332982942462
52, 64, 128, 8, 0.02213662301073782
53, 64, 128, 8, 0.022150033008074388
54, 64, 128, 8, 0.022163221990922466
55, 64, 128, 8, 0.022167462011566386
56, 64, 128, 8, 0.022194421995664015
57, 64, 128, 8, 0.022210402006749064
58, 64, 128, 8, 0.02223005099222064
59, 64, 128, 8, 0.022240180987864733
60, 64, 128, 8, 0.022264731000177562
61, 64, 128, 8, 0.022262511018197984
62, 64, 128, 8, 0.022279000986600295
63, 64, 128, 8, 0.022270271001616493
4, 64, 128, 8, 0.02142115298192948
5, 64, 128, 8, 0.021422253019409254
6, 64, 128, 8, 0.02143514298950322
7, 64, 128, 8, 0.021439262985950336
12, 64, 128, 8, 0.021503272000700235
13, 64, 128, 8, 0.02151796201360412
14, 64, 128, 8, 0.021525482006836683
15, 64, 128, 8, 0.02153820198145695
19, 64, 128, 8, 0.021588981006061658
24, 64, 128, 8, 0.021684940002160147
25, 64, 128, 8, 0.02169631002470851
26, 64, 128, 8, 0.021711178997065872
27, 64, 128, 8, 0.021720919001381844
0, 64, 128, 8, 0.021391824004240334
3, 4, 128, 16, 0.014220050012227148
1, 4, 128, 16, 0.013797905994579196
2, 4, 128, 16, 0.013955524016637355
0, 4, 128, 16, 0.014228599990019575
1, 16, 128, 16, 0.01441134698688984
2, 16, 128, 16, 0.0143951770151034
3, 16, 128, 16, 0.014395067002624273
4, 16, 128, 16, 0.014429287024540827
5, 16, 128, 16, 0.014431387011427432
6, 16, 128, 16, 0.014742942003067583
7, 16, 128, 16, 0.014749422000022605
8, 16, 128, 16, 0.01476052199723199
9, 16, 128, 16, 0.014760862017283216
10, 16, 128, 16, 0.015092637011548504
11, 16, 128, 16, 0.015090967004653066
12, 16, 128, 16, 0.015127757011214271
13, 16, 128, 16, 0.01544251199811697
14, 16, 128, 16, 0.01547020100406371
15, 16, 128, 16, 0.015779647015733644
0, 16, 128, 16, 0.014486746018519625
1, 64, 128, 16, 0.021579441003268585
2, 64, 128, 16, 0.021584179979981855
3, 64, 128, 16, 0.02158588101156056
8, 64, 128, 16, 0.021634749980876222
9, 64, 128, 16, 0.021640210994519293
10, 64, 128, 16, 0.021652090013958514
11, 64, 128, 16, 0.021660919999703765
12, 64, 128, 16, 0.021677100012311712
13, 64, 128, 16, 0.02169269000296481
14, 64, 128, 16, 0.021706289000576362
15, 64, 128, 16, 0.02171417899080552
16, 64, 128, 16, 0.021742388984421268
17, 64, 128, 16, 0.021750457992311567
18, 64, 128, 16, 0.02175590899423696
19, 64, 128, 16, 0.021768839011201635
20, 64, 128, 16, 0.02178483802708797
21, 64, 128, 16, 0.02180045799468644
22, 64, 128, 16, 0.021815378015162423
23, 64, 128, 16, 0.021825928008183837
24, 64, 128, 16, 0.021838908025529236
25, 64, 128, 16, 0.021854216989595443
26, 64, 128, 16, 0.021866087015951052
27, 64, 128, 16, 0.021877456980291754
28, 64, 128, 16, 0.02192142599960789
29, 64, 128, 16, 0.02193446599994786
30, 64, 128, 16, 0.021951806003926322
31, 64, 128, 16, 0.02195216598920524
32, 64, 128, 16, 0.021977235010126606
33, 64, 128, 16, 0.021983735990943387
34, 64, 128, 16, 0.022002445010002702
35, 64, 128, 16, 0.02200558499316685
36, 64, 128, 16, 0.02203967497916892
37, 64, 128, 16, 0.02205478399991989
38, 64, 128, 16, 0.022069504018872976
39, 64, 128, 16, 0.022079163987655193
40, 64, 128, 16, 0.022092454019002616
41, 64, 128, 16, 0.022113753017038107
42, 64, 128, 16, 0.022136802988825366
43, 64, 128, 16, 0.022136032988782972
44, 64, 128, 16, 0.022164032998261973
45, 64, 128, 16, 0.022178303013788536
46, 64, 128, 16, 0.022197872021934018
47, 64, 128, 16, 0.022200381994480267
48, 64, 128, 16, 0.022231142007512972
49, 64, 128, 16, 0.02224951097741723
50, 64, 128, 16, 0.022271171008469537
51, 64, 128, 16, 0.02227527101058513
52, 64, 128, 16, 0.022302020981442183
53, 64, 128, 16, 0.022316249989671633
54, 64, 128, 16, 0.022332830005325377
55, 64, 128, 16, 0.022333379980409518
56, 64, 128, 16, 0.022358890011673793
57, 64, 128, 16, 0.022375469998223707
58, 64, 128, 16, 0.022398499015253037
59, 64, 128, 16, 0.022403439012123272
60, 64, 128, 16, 0.022425278992159292
61, 64, 128, 16, 0.022445879003498703
62, 64, 128, 16, 0.02245123899774626
63, 64, 128, 16, 0.02245131798554212
0, 64, 128, 16, 0.02157890101079829
4, 64, 128, 16, 0.021610210998915136
5, 64, 128, 16, 0.021613630990032107
6, 64, 128, 16, 0.02162762000807561
7, 64, 128, 16, 0.021630799979902804
1, 4, 256, 8, 0.10601525299716741
2, 4, 256, 8, 0.10608580100233667
3, 4, 256, 8, 0.10644933697767556
0, 4, 256, 8, 0.10642316701705568
4, 16, 256, 8, 0.03345270600402728
5, 16, 256, 8, 0.03346649601007812
6, 16, 256, 8, 0.033819769974797964
7, 16, 256, 8, 0.033819150005001575
11, 16, 256, 8, 0.034191835002275184
12, 16, 256, 8, 0.03425265400437638
13, 16, 256, 8, 0.034585718996822834
14, 16, 256, 8, 0.03462697900249623
15, 16, 256, 8, 0.034973662986885756
1, 16, 256, 8, 0.03343023601337336
2, 16, 256, 8, 0.03343072600546293
3, 16, 256, 8, 0.03343095601303503
8, 16, 256, 8, 0.03383950999705121
9, 16, 256, 8, 0.033839129988336936
10, 16, 256, 8, 0.034191835002275184
0, 16, 256, 8, 0.033499804994789883
1, 64, 256, 8, 0.03313379001338035
2, 64, 256, 8, 0.03313287999480963
3, 64, 256, 8, 0.033137180987978354
4, 64, 256, 8, 0.03311721101636067
5, 64, 256, 8, 0.033117760001914576
6, 64, 256, 8, 0.03311667000525631
7, 64, 256, 8, 0.03311394099728204
8, 64, 256, 8, 0.033411085983971134
9, 64, 256, 8, 0.03343216597568244
10, 64, 256, 8, 0.03342758500366472
11, 64, 256, 8, 0.033567272999789566
12, 64, 256, 8, 0.03392467799130827
13, 64, 256, 8, 0.03392406800412573
14, 64, 256, 8, 0.03392515899031423
15, 64, 256, 8, 0.03392743898439221
16, 64, 256, 8, 0.03395919801550917
17, 64, 256, 8, 0.0339593069802504
18, 64, 256, 8, 0.03395978899789043
19, 64, 256, 8, 0.03395937799359672
20, 64, 256, 8, 0.034356622985797
21, 64, 256, 8, 0.03437279199715704
22, 64, 256, 8, 0.03437180200126022
23, 64, 256, 8, 0.034373222006252035
24, 64, 256, 8, 0.03460001898929477
25, 64, 256, 8, 0.034980031981831416
26, 64, 256, 8, 0.034980174008524045
27, 64, 256, 8, 0.03498003401909955
28, 64, 256, 8, 0.03498824199778028
29, 64, 256, 8, 0.03498818300431594
30, 64, 256, 8, 0.034988143015652895
31, 64, 256, 8, 0.03498742202646099
32, 64, 256, 8, 0.035418376995949075
33, 64, 256, 8, 0.03541152601246722
34, 64, 256, 8, 0.03542364700115286
35, 64, 256, 8, 0.035581573989475146
36, 64, 256, 8, 0.03592709999065846
37, 64, 256, 8, 0.03592739801388234
38, 64, 256, 8, 0.035925148986279964
39, 64, 256, 8, 0.035923488991102204
40, 64, 256, 8, 0.035941588022978976
41, 64, 256, 8, 0.03594290799810551
42, 64, 256, 8, 0.03594200900988653
43, 64, 256, 8, 0.03594148898264393
44, 64, 256, 8, 0.036475319997407496
45, 64, 256, 8, 0.036475020984653383
46, 64, 256, 8, 0.036475540982792154
47, 64, 256, 8, 0.03647517098579556
48, 64, 256, 8, 0.03690949498559348
49, 64, 256, 8, 0.036910145019646734
50, 64, 256, 8, 0.03691017397795804
51, 64, 256, 8, 0.03690841401112266
52, 64, 256, 8, 0.03736288798972964
53, 64, 256, 8, 0.037363876996096224
54, 64, 256, 8, 0.03736151798511855
55, 64, 256, 8, 0.037754221993964165
56, 64, 256, 8, 0.03780253202421591
57, 64, 256, 8, 0.03777045098831877
58, 64, 256, 8, 0.03837481199298054
59, 64, 256, 8, 0.03837481199298054
60, 64, 256, 8, 0.03878670698031783
61, 64, 256, 8, 0.03878712598816492
62, 64, 256, 8, 0.03916152199963108
63, 64, 256, 8, 0.039522504986962304
0, 64, 256, 8, 0.03348276499309577
1, 4, 256, 16, 0.13197278400184587
2, 4, 256, 16, 0.1320295740151778
3, 4, 256, 16, 0.13238004798768088
0, 4, 256, 16, 0.13238863600417972
1, 16, 256, 16, 0.07712343000457622
2, 16, 256, 16, 0.07712630002060905
3, 16, 256, 16, 0.07712630002060905
4, 16, 256, 16, 0.07715741900028661
5, 16, 256, 16, 0.07715741900028661
6, 16, 256, 16, 0.07751006298349239
7, 16, 256, 16, 0.07751000201096758
8, 16, 256, 16, 0.07752805200289004
9, 16, 256, 16, 0.07752659198013134
10, 16, 256, 16, 0.0778940650052391
11, 16, 256, 16, 0.07789408499957062
12, 16, 256, 16, 0.07793639399460517
13, 16, 256, 16, 0.07829044800018892
14, 16, 256, 16, 0.0783306669909507
15, 16, 256, 16, 0.07866901098168455
0, 16, 256, 16, 0.07719714799895883
4, 64, 256, 16, 0.034404745005303994
5, 64, 256, 16, 0.03440539399161935
6, 64, 256, 16, 0.034404684003675357
7, 64, 256, 16, 0.03440614399733022
8, 64, 256, 16, 0.034801876987330616
9, 64, 256, 16, 0.034801426983904094
10, 64, 256, 16, 0.034802467009285465
11, 64, 256, 16, 0.0348007470020093
12, 64, 256, 16, 0.034830307005904615
13, 64, 256, 16, 0.03483081600279547
14, 64, 256, 16, 0.03524550798465498
15, 64, 256, 16, 0.035244967992184684
16, 64, 256, 16, 0.035315877001266927
17, 64, 256, 16, 0.035318687005201355
18, 64, 256, 16, 0.03532630699919537
19, 64, 256, 16, 0.03532729699509218
20, 64, 256, 16, 0.03544594399863854
21, 64, 256, 16, 0.03546120401006192
22, 64, 256, 16, 0.03546197499963455
23, 64, 256, 16, 0.03561724099563435
24, 64, 256, 16, 0.03561664102016948
25, 64, 256, 16, 0.03561651200288907
26, 64, 256, 16, 0.03561628100578673
27, 64, 256, 16, 0.03561648100730963
28, 64, 256, 16, 0.03598965401761234
29, 64, 256, 16, 0.035990005009807646
30, 64, 256, 16, 0.03604262199951336
31, 64, 256, 16, 0.0359902230266016
32, 64, 256, 16, 0.03611945197917521
33, 64, 256, 16, 0.036124270991422236
34, 64, 256, 16, 0.03627497801790014
35, 64, 256, 16, 0.03660278199822642
36, 64, 256, 16, 0.03659839299507439
37, 64, 256, 16, 0.03660189200309105
38, 64, 256, 16, 0.03659488301491365
39, 64, 256, 16, 0.03660178300924599
40, 64, 256, 16, 0.03665379199082963
41, 64, 256, 16, 0.03699484499520622
42, 64, 256, 16, 0.03699520500958897
43, 64, 256, 16, 0.0369947949948255
44, 64, 256, 16, 0.037238281016470864
45, 64, 256, 16, 0.03756952300318517
46, 64, 256, 16, 0.0375701239972841
47, 64, 256, 16, 0.03757249301997945
48, 64, 256, 16, 0.03758148298948072
49, 64, 256, 16, 0.03758096299134195
50, 64, 256, 16, 0.037580244010314345
51, 64, 256, 16, 0.03758078400278464
52, 64, 256, 16, 0.038130274013383314
53, 64, 256, 16, 0.03814559301827103
54, 64, 256, 16, 0.038147284009028226
55, 64, 256, 16, 0.03852961599477567
56, 64, 256, 16, 0.03856136501417495
57, 64, 256, 16, 0.03856186498887837
58, 64, 256, 16, 0.03911886498099193
59, 64, 256, 16, 0.039119274995755404
60, 64, 256, 16, 0.03955136600416154
61, 64, 256, 16, 0.039548725995700806
62, 64, 256, 16, 0.039930187980644405
63, 64, 256, 16, 0.040307902003405616
0, 64, 256, 16, 0.03448937201756053
1, 64, 256, 16, 0.034171448001870885
2, 64, 256, 16, 0.03416884900070727
3, 64, 256, 16, 0.03443276399048045
2, 4, 256, 32, 0.12397462700027972
3, 4, 256, 32, 0.12434233099338599
1, 4, 256, 32, 0.12389119900763035
0, 4, 256, 32, 0.12432061100844294
8, 64, 256, 32, 0.11358387500513345
9, 64, 256, 32, 0.1135837149922736
10, 64, 256, 32, 0.11399827699642628
11, 64, 256, 32, 0.11401739699067548
12, 64, 256, 32, 0.11402558698318899
13, 64, 256, 32, 0.11402466701110825
14, 64, 256, 32, 0.11402506698505022
15, 64, 256, 32, 0.11402377698686905
16, 64, 256, 32, 0.11449967802036554
17, 64, 256, 32, 0.11449170802370645
18, 64, 256, 32, 0.11449989798711613
19, 64, 256, 32, 0.11450114799663424
20, 64, 256, 32, 0.11459723601001315
21, 64, 256, 32, 0.11461478599812835
22, 64, 256, 32, 0.11475861299550161
23, 64, 256, 32, 0.11475870301364921
24, 64, 256, 32, 0.11629263299982995
25, 64, 256, 32, 0.11661022799671628
26, 64, 256, 32, 0.11660156800644472
27, 64, 256, 32, 0.11660831799963489
28, 64, 256, 32, 0.11660634700092487
29, 64, 256, 32, 0.1166070680192206
30, 64, 256, 32, 0.11660652799764648
31, 64, 256, 32, 0.11660563701298088
32, 64, 256, 32, 0.11703523897449486
33, 64, 256, 32, 0.11703794900677167
34, 64, 256, 32, 0.11706282899831422
35, 64, 256, 32, 0.11719565599923953
36, 64, 256, 32, 0.11756214901106432
37, 64, 256, 32, 0.11756600899389014
38, 64, 256, 32, 0.11756590902223252
39, 64, 256, 32, 0.11756612898898311
40, 64, 256, 32, 0.11758006899617612
41, 64, 256, 32, 0.11758009900222532
42, 64, 256, 32, 0.1175800490018446
43, 64, 256, 32, 0.11758006902527995
44, 64, 256, 32, 0.11810776899801567
45, 64, 256, 32, 0.11810814900672995
46, 64, 256, 32, 0.11810823899577372
47, 64, 256, 32, 0.11810811900068074
48, 64, 256, 32, 0.11855335099971853
49, 64, 256, 32, 0.11855327000375837
50, 64, 256, 32, 0.11855290998937562
51, 64, 256, 32, 0.1185517199919559
52, 64, 256, 32, 0.11901847200351767
53, 64, 256, 32, 0.11901718200533651
54, 64, 256, 32, 0.11901670199586079
55, 64, 256, 32, 0.1194120240106713
56, 64, 256, 32, 0.11945234300219454
57, 64, 256, 32, 0.11945348299923353
58, 64, 256, 32, 0.11980563701945357
59, 64, 256, 32, 0.11980558701907285
60, 64, 256, 32, 0.12023443900397979
61, 64, 256, 32, 0.12024433800252154
62, 64, 256, 32, 0.12064582100720145
63, 64, 256, 32, 0.12117468001088127
0, 64, 256, 32, 0.11365365399979055
1, 64, 256, 32, 0.11333585000829771
2, 64, 256, 32, 0.11333626002306119
3, 64, 256, 32, 0.1135924449772574
4, 64, 256, 32, 0.11355992601602338
5, 64, 256, 32, 0.11356164599419571
6, 64, 256, 32, 0.11356180597795174
7, 64, 256, 32, 0.11356158601120114
1, 4, 512, 8, 0.5858883740147576
3, 4, 512, 8, 0.5867253780015744
2, 4, 512, 8, 0.5866004890121985
0, 4, 512, 8, 0.5864608020056039
1, 16, 512, 8, 0.21096859898534603
2, 16, 512, 8, 0.21103948800009675
3, 16, 512, 8, 0.21105729800183326
4, 16, 512, 8, 0.21106374799273908
5, 16, 512, 8, 0.21108798697241582
6, 16, 512, 8, 0.21154031698824838
7, 16, 512, 8, 0.21155440699658357
8, 16, 512, 8, 0.21160711598349735
9, 16, 512, 8, 0.21161999698961154
10, 16, 512, 8, 0.21208737799315713
11, 16, 512, 8, 0.21208743698662147
12, 16, 512, 8, 0.2121612069895491
13, 16, 512, 8, 0.2126158569881227
14, 16, 512, 8, 0.2126595570007339
15, 16, 512, 8, 0.21307367901317775
0, 16, 512, 8, 0.21107765700435266
1, 64, 512, 8, 0.06418638600734994
2, 64, 512, 8, 0.06419872600235976
3, 64, 512, 8, 0.06420774600701407
4, 64, 512, 8, 0.06421363601111807
5, 64, 512, 8, 0.06458461901638657
6, 64, 512, 8, 0.06458577900775708
7, 64, 512, 8, 0.06458362902048975
8, 64, 512, 8, 0.06460411800071597
9, 64, 512, 8, 0.06460751799750142
10, 64, 512, 8, 0.06497725102235563
11, 64, 512, 8, 0.06498174098669551
12, 64, 512, 8, 0.06507300998782739
13, 64, 512, 8, 0.06506736899609677
14, 64, 512, 8, 0.065107618982438
15, 64, 512, 8, 0.06511542899534106
16, 64, 512, 8, 0.06533633501385339
17, 64, 512, 8, 0.0653339650016278
18, 64, 512, 8, 0.06545730200014077
19, 64, 512, 8, 0.06547165199299343
22, 64, 512, 8, 0.06549655200797133
23, 64, 512, 8, 0.06549658201402053
24, 64, 512, 8, 0.06596506299683824
25, 64, 512, 8, 0.06596016199910082
26, 64, 512, 8, 0.06598665201454423
27, 64, 512, 8, 0.06598676199791953
28, 64, 512, 8, 0.06612488999962807
29, 64, 512, 8, 0.06612369901267812
30, 64, 512, 8, 0.06615457899169996
31, 64, 512, 8, 0.0663214559899643
32, 64, 512, 8, 0.06632985602482222
33, 64, 512, 8, 0.0663297760183923
34, 64, 512, 8, 0.06632979601272382
35, 64, 512, 8, 0.0663297760183923
36, 64, 512, 8, 0.0667563879978843
37, 64, 512, 8, 0.0667564180039335
38, 64, 512, 8, 0.06675636797444895
39, 64, 512, 8, 0.0667563879978843
40, 64, 512, 8, 0.06701102299848571
41, 64, 512, 8, 0.06701102299848571
42, 64, 512, 8, 0.0670100330025889
43, 64, 512, 8, 0.06701100300415419
44, 64, 512, 8, 0.06704602198442444
45, 64, 512, 8, 0.06745578398113139
46, 64, 512, 8, 0.06748256398714148
47, 64, 512, 8, 0.06748261401662603
48, 64, 512, 8, 0.06769693997921422
49, 64, 512, 8, 0.06769692999660037
50, 64, 512, 8, 0.0676966400060337
51, 64, 512, 8, 0.06769688002532348
52, 64, 512, 8, 0.06819618999725208
53, 64, 512, 8, 0.06819113000528887
54, 64, 512, 8, 0.06819452001946047
55, 64, 512, 8, 0.06878654900356196
56, 64, 512, 8, 0.06883346798713319
57, 64, 512, 8, 0.06883670800016262
58, 64, 512, 8, 0.06925001999479719
59, 64, 512, 8, 0.06925073001184501
60, 64, 512, 8, 0.06973103099153377
61, 64, 512, 8, 0.06973368101171218
62, 64, 512, 8, 0.07017740199808031
63, 64, 512, 8, 0.07054256502306089
0, 64, 512, 8, 0.06459363902104087
20, 64, 512, 8, 0.06549653201363981
21, 64, 512, 8, 0.06549235200509429
2, 4, 512, 16, 0.546035552979447
3, 4, 512, 16, 0.5468807269935496
1, 4, 512, 16, 0.5453226559911855
0, 4, 512, 16, 0.5459096849954221
2, 16, 512, 16, 0.15439672698266804
3, 16, 512, 16, 0.15440172699163668
4, 16, 512, 16, 0.15444102601031773
5, 16, 512, 16, 0.15445922600338235
6, 16, 512, 16, 0.15491850700345822
7, 16, 512, 16, 0.15493453698582016
8, 16, 512, 16, 0.1549821459921077
9, 16, 512, 16, 0.15498214602121152
10, 16, 512, 16, 0.15548370699980296
11, 16, 512, 16, 0.1554974759928882
12, 16, 512, 16, 0.15557908499613404
13, 16, 512, 16, 0.15599668701179326
14, 16, 512, 16, 0.1560467059898656
15, 16, 512, 16, 0.15645327797392383
0, 16, 512, 16, 0.15444193599978462
1, 16, 512, 16, 0.15436695798416622
4, 64, 512, 16, 0.2604773560015019
5, 64, 512, 16, 0.260763060010504
6, 64, 512, 16, 0.260762940015411
7, 64, 512, 16, 0.26076495001325384
8, 64, 512, 16, 0.26087676800671034
9, 64, 512, 16, 0.26099936600076035
10, 64, 512, 16, 0.2609991260105744
11, 64, 512, 16, 0.2609994060185272
19, 64, 512, 16, 0.2615521150000859
20, 64, 512, 16, 0.26167792300111614
21, 64, 512, 16, 0.2616976420104038
22, 64, 512, 16, 0.2618615090032108
23, 64, 512, 16, 0.26186143900849856
24, 64, 512, 16, 0.26185838898527436
25, 64, 512, 16, 0.2618783889920451
26, 64, 512, 16, 0.2618719789898023
27, 64, 512, 16, 0.26187953900080174
28, 64, 512, 16, 0.26230997100356035
29, 64, 512, 16, 0.2623528099793475
30, 64, 512, 16, 0.26235281000845134
31, 64, 512, 16, 0.26235281000845134
32, 64, 512, 16, 0.26249416699283756
33, 64, 512, 16, 0.2625004769943189
34, 64, 512, 16, 0.2625464960001409
35, 64, 512, 16, 0.26267867398564704
36, 64, 512, 16, 0.26269694400252774
37, 64, 512, 16, 0.2626929639955051
38, 64, 512, 16, 0.26268632398569025
39, 64, 512, 16, 0.2626968029944692
40, 64, 512, 16, 0.2631290249992162
41, 64, 512, 16, 0.2631308450072538
42, 64, 512, 16, 0.26313014500192367
43, 64, 512, 16, 0.2631303049856797
44, 64, 512, 16, 0.26343382900813594
45, 64, 512, 16, 0.26375404399004765
46, 64, 512, 16, 0.26375409300089814
47, 64, 512, 16, 0.26375395301147364
48, 64, 512, 16, 0.2638039320008829
49, 64, 512, 16, 0.263803942973027
50, 64, 512, 16, 0.2641432549862657
51, 64, 512, 16, 0.2641431549855042
52, 64, 512, 16, 0.26436368201393634
53, 64, 512, 16, 0.2643668219971005
54, 64, 512, 16, 0.2643763009982649
55, 64, 512, 16, 0.2648149029992055
56, 64, 512, 16, 0.26483953301794827
57, 64, 512, 16, 0.2648396719887387
58, 64, 512, 16, 0.2652599739958532
59, 64, 512, 16, 0.26525944500463083
60, 64, 512, 16, 0.26569816601113416
61, 64, 512, 16, 0.2657023959909566
62, 64, 512, 16, 0.2661494370258879
63, 64, 512, 16, 0.26665275800041854
0, 64, 512, 16, 0.2608729680068791
1, 64, 512, 16, 0.2604681160009932
2, 64, 512, 16, 0.2604774160136003
3, 64, 512, 16, 0.26046892601880245
12, 64, 512, 16, 0.26103691500611603
13, 64, 512, 16, 0.26105045501026325
14, 64, 512, 16, 0.2614523869997356
15, 64, 512, 16, 0.26145239698234946
16, 64, 512, 16, 0.2615527859888971
17, 64, 512, 16, 0.26155153498984873
18, 64, 512, 16, 0.26155234398902394
1, 4, 512, 32, 0.5273113199800719
2, 4, 512, 32, 0.528017656004522
3, 4, 512, 32, 0.5281249939871486
0, 4, 512, 32, 0.5279284479911439
1, 64, 512, 32, 0.26085792802041396
2, 64, 512, 32, 0.2608535879990086
3, 64, 512, 32, 0.26086651798686944
8, 64, 512, 32, 0.2615372950094752
9, 64, 512, 32, 0.26153517502825707
10, 64, 512, 32, 0.2615355549787637
11, 64, 512, 32, 0.26153176501975395
12, 64, 512, 32, 0.2620708149916027
13, 64, 512, 32, 0.26209714499418624
14, 64, 512, 32, 0.26209286498487927
15, 64, 512, 32, 0.26209379502688535
16, 64, 512, 32, 0.2622540919983294
17, 64, 512, 32, 0.2622541720047593
18, 64, 512, 32, 0.26228078099666163
19, 64, 512, 32, 0.26228087101480924
20, 64, 512, 32, 0.2623920190089848
21, 64, 512, 32, 0.262439368001651
22, 64, 512, 32, 0.26257032598368824
23, 64, 512, 32, 0.26257026600069366
24, 64, 512, 32, 0.26254025599337183
25, 64, 512, 32, 0.26256966500659473
26, 64, 512, 32, 0.26256971500697546
27, 64, 512, 32, 0.2625696450122632
28, 64, 512, 32, 0.2630655559769366
29, 64, 512, 32, 0.26306935600587167
30, 64, 512, 32, 0.263069345994154
31, 64, 512, 32, 0.2630693760002032
32, 64, 512, 32, 0.2632038130250294
33, 64, 512, 32, 0.263203203008743
34, 64, 512, 32, 0.26324670197209343
35, 64, 512, 32, 0.26337375000002794
36, 64, 512, 32, 0.2634174900013022
37, 64, 512, 32, 0.2634193889971357
38, 64, 512, 32, 0.26341931900242344
39, 64, 512, 32, 0.26341728001716547
40, 64, 512, 32, 0.263876700977562
41, 64, 512, 32, 0.26389942000969313
42, 64, 512, 32, 0.2639111499884166
43, 64, 512, 32, 0.26391094000427984
44, 64, 512, 32, 0.26412395600345917
45, 64, 512, 32, 0.26412398598040454
46, 64, 512, 32, 0.2641238860087469
47, 64, 512, 32, 0.26412239597993903
48, 64, 512, 32, 0.264637665997725
49, 64, 512, 32, 0.2646375159965828
50, 64, 512, 32, 0.2646370659931563
51, 64, 512, 32, 0.26463756599696353
52, 64, 512, 32, 0.2651520560029894
53, 64, 512, 32, 0.26515483600087464
54, 64, 512, 32, 0.26515167602337897
55, 64, 512, 32, 0.26559812799678184
56, 64, 512, 32, 0.26562408698373474
57, 64, 512, 32, 0.2656186770182103
58, 64, 512, 32, 0.26604095901711844
59, 64, 512, 32, 0.26604100898839533
60, 64, 512, 32, 0.26664652800536714
61, 64, 512, 32, 0.26664919799077325
62, 64, 512, 32, 0.26715992801473476
63, 64, 512, 32, 0.2675219009979628
0, 64, 512, 32, 0.26124120099120773
4, 64, 512, 32, 0.26127134999842383
5, 64, 512, 32, 0.2615622949961107
6, 64, 512, 32, 0.26154905499424785
7, 64, 512, 32, 0.2615619649877772
3, 4, 512, 32, 0.527472896996187
1, 4, 512, 32, 0.5266409530013334
2, 4, 512, 32, 0.5273188299906906
0, 4, 512, 32, 0.5272166520007886
6, 64, 512, 32, 0.2681479290185962
7, 64, 512, 32, 0.2681558990152553
8, 64, 512, 32, 0.26817711800686084
9, 64, 512, 32, 0.26818123800330795
10, 64, 512, 32, 0.2682036379992496
11, 64, 512, 32, 0.2682088580040727
12, 64, 512, 32, 0.2683821550162975
13, 64, 512, 32, 0.26840040399110876
14, 64, 512, 32, 0.26840040399110876
15, 64, 512, 32, 0.2684006050112657
16, 64, 512, 32, 0.26857224098057486
17, 64, 512, 32, 0.26858923098188825
18, 64, 512, 32, 0.2685889809799846
19, 64, 512, 32, 0.2685889909917023
20, 64, 512, 32, 0.26873868799884804
21, 64, 512, 32, 0.2688655059901066
22, 64, 512, 32, 0.2688702059967909
23, 64, 512, 32, 0.2688732759852428
24, 64, 512, 32, 0.2688936449994799
25, 64, 512, 32, 0.26921368899638765
26, 64, 512, 32, 0.26921953898272477
27, 64, 512, 32, 0.2692194789997302
28, 64, 512, 32, 0.26933430702774785
29, 64, 512, 32, 0.26933113698032685
30, 64, 512, 32, 0.2693342870043125
31, 64, 512, 32, 0.2693342069978826
32, 64, 512, 32, 0.26946499399491586
33, 64, 512, 32, 0.2694604440184776
34, 64, 512, 32, 0.26964441101881675
35, 64, 512, 32, 0.2699562350171618
36, 64, 512, 32, 0.2699766450095922
37, 64, 512, 32, 0.2699765550205484
38, 64, 512, 32, 0.26997592399129644
39, 64, 512, 32, 0.269976684008725
40, 64, 512, 32, 0.27042027600691654
41, 64, 512, 32, 0.2704518850077875
42, 64, 512, 32, 0.2704459249798674
43, 64, 512, 32, 0.2704557850083802
44, 64, 512, 32, 0.2706862409831956
45, 64, 512, 32, 0.2706861110054888
46, 64, 512, 32, 0.27068617098848335
47, 64, 512, 32, 0.2706860509933904
48, 64, 512, 32, 0.2711837710230611
49, 64, 512, 32, 0.27118346097995527
50, 64, 512, 32, 0.27118366098147817
51, 64, 512, 32, 0.27118120100931264
52, 64, 512, 32, 0.27174046100117266
53, 64, 512, 32, 0.2717415310034994
54, 64, 512, 32, 0.2717423809808679
55, 64, 512, 32, 0.2721929919789545
56, 64, 512, 32, 0.27223136101383716
57, 64, 512, 32, 0.2722251020022668
58, 64, 512, 32, 0.27278228098293766
59, 64, 512, 32, 0.27278366099926643
60, 64, 512, 32, 0.2732194429845549
61, 64, 512, 32, 0.2732211329857819
62, 64, 512, 32, 0.27368542400654405
63, 64, 512, 32, 0.27403679699636996
0, 64, 512, 32, 0.2682083079998847
1, 64, 512, 32, 0.26781394498539157
2, 64, 512, 32, 0.2678087959939148
3, 64, 512, 32, 0.2678124160156585
4, 64, 512, 32, 0.267818845983129
5, 64, 512, 32, 0.2681282499979716
3, 4, 1024, 8, 3.2487150820088573
1, 4, 1024, 8, 3.2480302749900147
2, 4, 1024, 8, 3.2479570449795574
0, 4, 1024, 8, 3.2500813959923107
1, 16, 1024, 8, 1.6053638830198906
2, 16, 1024, 8, 1.6055088300199714
3, 16, 1024, 8, 1.6055477689951658
6, 16, 1024, 8, 1.6064395219727885
7, 16, 1024, 8, 1.6065165510226507
4, 16, 1024, 8, 1.605697485996643
5, 16, 1024, 8, 1.6057456459966488
8, 16, 1024, 8, 1.6066741980030201
9, 16, 1024, 8, 1.606707227008883
10, 16, 1024, 8, 1.607420642976649
11, 16, 1024, 8, 1.6074593329976778
12, 16, 1024, 8, 1.6076979979989119
13, 16, 1024, 8, 1.6083158959809225
14, 16, 1024, 8, 1.608418514020741
15, 16, 1024, 8, 1.6090647320088465
0, 16, 1024, 8, 1.6054179120110348
1, 64, 1024, 8, 0.7115021599747706
2, 64, 1024, 8, 0.7115051790024154
3, 64, 1024, 8, 0.7115056889888365
4, 64, 1024, 8, 0.7119892400223762
5, 64, 1024, 8, 0.7122531450004317
6, 64, 1024, 8, 0.7123184429947287
7, 64, 1024, 8, 0.7123793319915421
8, 64, 1024, 8, 0.7123377630196046
9, 64, 1024, 8, 0.7123847620096058
10, 64, 1024, 8, 0.7123963219928555
11, 64, 1024, 8, 0.7124567810096778
12, 64, 1024, 8, 0.7126132679986767
13, 64, 1024, 8, 0.7127243260038085
14, 64, 1024, 8, 0.712789654993685
15, 64, 1024, 8, 0.7127897050231695
24, 64, 1024, 8, 0.7136167190037668
25, 64, 1024, 8, 0.7136887779925019
26, 64, 1024, 8, 0.7137408859853167
27, 64, 1024, 8, 0.7137378159968648
28, 64, 1024, 8, 0.7138887040200643
29, 64, 1024, 8, 0.7139587019919418
30, 64, 1024, 8, 0.7140388309780974
31, 64, 1024, 8, 0.714107199019054
32, 64, 1024, 8, 0.7142119079944678
33, 64, 1024, 8, 0.7142481869959738
34, 64, 1024, 8, 0.7142482369963545
35, 64, 1024, 8, 0.7142481969785877
36, 64, 1024, 8, 0.7146209999918938
37, 64, 1024, 8, 0.7146410789864603
38, 64, 1024, 8, 0.7146311289980076
39, 64, 1024, 8, 0.7151312999776565
40, 64, 1024, 8, 0.7152154880168382
41, 64, 1024, 8, 0.7152541880204808
42, 64, 1024, 8, 0.715254187991377
43, 64, 1024, 8, 0.7152542079857085
44, 64, 1024, 8, 0.7155861019855365
45, 64, 1024, 8, 0.7156458999961615
46, 64, 1024, 8, 0.7158285470213741
47, 64, 1024, 8, 0.7159731940191705
48, 64, 1024, 8, 0.7160191329894587
49, 64, 1024, 8, 0.7160078239976428
50, 64, 1024, 8, 0.7164630950137507
51, 64, 1024, 8, 0.7164631850027945
52, 64, 1024, 8, 0.7166578309843317
53, 64, 1024, 8, 0.7167265200114343
54, 64, 1024, 8, 0.7169769949978217
55, 64, 1024, 8, 0.717379676993005
56, 64, 1024, 8, 0.7174447359866463
57, 64, 1024, 8, 0.7174554360099137
58, 64, 1024, 8, 0.7180232150130905
59, 64, 1024, 8, 0.7180117550014984
60, 64, 1024, 8, 0.7185389749938622
61, 64, 1024, 8, 0.7185478349856567
62, 64, 1024, 8, 0.719094194995705
63, 64, 1024, 8, 0.7195585459994618
0, 64, 1024, 8, 0.7119742909853812
16, 64, 1024, 8, 0.7130750899959821
17, 64, 1024, 8, 0.7131388479901943
18, 64, 1024, 8, 0.71313586801989
19, 64, 1024, 8, 0.7132130670070183
20, 64, 1024, 8, 0.7133242750132922
21, 64, 1024, 8, 0.7133969640126452
22, 64, 1024, 8, 0.7134792519791517
23, 64, 1024, 8, 0.7135467510088347
2, 4, 1024, 16, 3.158842214004835
3, 4, 1024, 16, 3.1593864349997602
1, 4, 1024, 16, 3.1587851349904668
0, 4, 1024, 16, 3.160794954019366
1, 16, 1024, 16, 1.4844096289889421
2, 16, 1024, 16, 1.4850605789979454
3, 16, 1024, 16, 1.4852220159955323
4, 16, 1024, 16, 1.4853618339984678
5, 16, 1024, 16, 1.4854176829976495
6, 16, 1024, 16, 1.4855900010152254
7, 16, 1024, 16, 1.4857062289956957
8, 16, 1024, 16, 1.4858712760033086
9, 16, 1024, 16, 1.4859079259913415
10, 16, 1024, 16, 1.4866350539959967
11, 16, 1024, 16, 1.4867436130007263
12, 16, 1024, 16, 1.4869345299957786
13, 16, 1024, 16, 1.4875960900099017
14, 16, 1024, 16, 1.487706258019898
15, 16, 1024, 16, 1.488430227007484
0, 16, 1024, 16, 1.4844975769810844
2, 64, 1024, 16, 0.5480598169961013
3, 64, 1024, 16, 0.5485223709838465
8, 64, 1024, 16, 0.5492634389956947
9, 64, 1024, 16, 0.5493019489804283
10, 64, 1024, 16, 0.5492936579976231
11, 64, 1024, 16, 0.5493644980015233
12, 64, 1024, 16, 0.5495213950052857
13, 64, 1024, 16, 0.5496348839951679
14, 64, 1024, 16, 0.5496923919999972
15, 64, 1024, 16, 0.5496839119878132
16, 64, 1024, 16, 0.5498955090006348
17, 64, 1024, 16, 0.5499431780190207
18, 64, 1024, 16, 0.5499432079959661
19, 64, 1024, 16, 0.5499421179993078
20, 64, 1024, 16, 0.5501573350047693
21, 64, 1024, 16, 0.5502244439849164
22, 64, 1024, 16, 0.5502684429811779
23, 64, 1024, 16, 0.550268393009901
24, 64, 1024, 16, 0.5504270319943316
25, 64, 1024, 16, 0.5504741109907627
26, 64, 1024, 16, 0.5505076200061012
27, 64, 1024, 16, 0.5505078300193418
28, 64, 1024, 16, 0.5506724180013407
29, 64, 1024, 16, 0.5507383760123048
30, 64, 1024, 16, 0.5507768060197122
31, 64, 1024, 16, 0.5507766249938868
32, 64, 1024, 16, 0.5509708930039778
33, 64, 1024, 16, 0.5510249120125081
34, 64, 1024, 16, 0.5510590519988909
35, 64, 1024, 16, 0.5510588719916996
36, 64, 1024, 16, 0.5513549859751947
37, 64, 1024, 16, 0.5513559870014433
38, 64, 1024, 16, 0.5513571469928138
39, 64, 1024, 16, 0.551355986011913
40, 64, 1024, 16, 0.5519699470023625
41, 64, 1024, 16, 0.5520503860025201
42, 64, 1024, 16, 0.5520544860046357
43, 64, 1024, 16, 0.5520542059966829
44, 64, 1024, 16, 0.5522429229749832
45, 64, 1024, 16, 0.5523288309923373
46, 64, 1024, 16, 0.5524266000138596
47, 64, 1024, 16, 0.5526033669884782
48, 64, 1024, 16, 0.5526225060166325
49, 64, 1024, 16, 0.5526157369895373
50, 64, 1024, 16, 0.5530809100018814
51, 64, 1024, 16, 0.5530809100018814
52, 64, 1024, 16, 0.5532542770088185
53, 64, 1024, 16, 0.5533225660037715
54, 64, 1024, 16, 0.5535344029776752
55, 64, 1024, 16, 0.5539447169867344
56, 64, 1024, 16, 0.5539657960180193
57, 64, 1024, 16, 0.5539675469917711
58, 64, 1024, 16, 0.5545236069883686
59, 64, 1024, 16, 0.5545236569887493
60, 64, 1024, 16, 0.5550583199947141
61, 64, 1024, 16, 0.5550693989789579
62, 64, 1024, 16, 0.5555969109991565
63, 64, 1024, 16, 0.5560345140111167
0, 64, 1024, 16, 0.5485192600172013
1, 64, 1024, 16, 0.5480625779891852
4, 64, 1024, 16, 0.5485828990058508
5, 64, 1024, 16, 0.5486063200223725
6, 64, 1024, 16, 0.5492602400190663
7, 64, 1024, 16, 0.5492607689811848
3, 4, 1024, 32, 3.1565064000023995
1, 4, 1024, 32, 3.1558366500248667
2, 4, 1024, 32, 3.1559280090150423
0, 4, 1024, 32, 3.157841488980921
1, 64, 1024, 32, 0.47704629399231635
2, 64, 1024, 32, 0.4770443140005227
3, 64, 1024, 32, 0.47703793400432914
4, 64, 1024, 32, 0.4775535920052789
5, 64, 1024, 32, 0.477657299983548
6, 64, 1024, 32, 0.477725737990113
7, 64, 1024, 32, 0.47775573801482096
8, 64, 1024, 32, 0.4778069659951143
9, 64, 1024, 32, 0.47786164499120787
10, 64, 1024, 32, 0.4778680850286037
11, 64, 1024, 32, 0.47788770400802605
12, 64, 1024, 32, 0.4780063619837165
13, 64, 1024, 32, 0.4780814000114333
14, 64, 1024, 32, 0.4781287189980503
15, 64, 1024, 32, 0.47813254900393076
20, 64, 1024, 32, 0.4786162870004773
21, 64, 1024, 32, 0.47869179499684833
22, 64, 1024, 32, 0.47873972399975173
23, 64, 1024, 32, 0.47873955400427803
24, 64, 1024, 32, 0.47887825101497583
25, 64, 1024, 32, 0.4789130099816248
26, 64, 1024, 32, 0.47892637000768445
27, 64, 1024, 32, 0.479123855009675
28, 64, 1024, 32, 0.4791518639831338
29, 64, 1024, 32, 0.4791612639965024
30, 64, 1024, 32, 0.4795803549932316
31, 64, 1024, 32, 0.4795803039742168
32, 64, 1024, 32, 0.47970777199952863
33, 64, 1024, 32, 0.47972412101808004
34, 64, 1024, 32, 0.4797240510233678
35, 64, 1024, 32, 0.47972408100031316
36, 64, 1024, 32, 0.48003474398865364
37, 64, 1024, 32, 0.480035663000308
38, 64, 1024, 32, 0.4800348439894151
39, 64, 1024, 32, 0.4800348139833659
40, 64, 1024, 32, 0.48068916899501346
41, 64, 1024, 32, 0.480740577011602
42, 64, 1024, 32, 0.48076883700559847
43, 64, 1024, 32, 0.4807690570014529
44, 64, 1024, 32, 0.4809873219928704
45, 64, 1024, 32, 0.4811335679842159
46, 64, 1024, 32, 0.48113350800122134
47, 64, 1024, 32, 0.48113359801936895
48, 64, 1024, 32, 0.48168909398373216
49, 64, 1024, 32, 0.48172222400899045
50, 64, 1024, 32, 0.48178718201234005
51, 64, 1024, 32, 0.48175922298105434
52, 64, 1024, 32, 0.4819447689806111
53, 64, 1024, 32, 0.48201695701573044
54, 64, 1024, 32, 0.4822208120021969
55, 64, 1024, 32, 0.4826011630066205
56, 64, 1024, 32, 0.48269212202285416
57, 64, 1024, 32, 0.48266779200639576
58, 64, 1024, 32, 0.4831996690190863
59, 64, 1024, 32, 0.48319947998970747
60, 64, 1024, 32, 0.48373384700971656
61, 64, 1024, 32, 0.4837374259950593
62, 64, 1024, 32, 0.48426183400442824
63, 64, 1024, 32, 0.48466696398099884
0, 64, 1024, 32, 0.4775204330217093
16, 64, 1024, 32, 0.4783866619982291
17, 64, 1024, 32, 0.4784323409839999
18, 64, 1024, 32, 0.4784329709946178
19, 64, 1024, 32, 0.47849621999193914
3, 4, 1024, 32, 3.203518697002437
1, 4, 1024, 32, 3.2028779719839804
2, 4, 1024, 32, 3.2029407910013106
0, 4, 1024, 32, 3.2048718860023655
1, 64, 1024, 32, 0.4696623269992415
2, 64, 1024, 32, 0.46966438699746504
3, 64, 1024, 32, 0.46966887699090876
4, 64, 1024, 32, 0.47019816501415335
5, 64, 1024, 32, 0.4702758530038409
6, 64, 1024, 32, 0.47033461098908447
7, 64, 1024, 32, 0.4703401809965726
8, 64, 1024, 32, 0.4704455189930741
9, 64, 1024, 32, 0.47045243901084177
10, 64, 1024, 32, 0.47051782699418254
11, 64, 1024, 32, 0.47065433399984613
12, 64, 1024, 32, 0.47068589300033636
13, 64, 1024, 32, 0.470678682992002
14, 64, 1024, 32, 0.4711258730094414
15, 64, 1024, 32, 0.4711257329909131
16, 64, 1024, 32, 0.47133610799210146
17, 64, 1024, 32, 0.471359137998661
18, 64, 1024, 32, 0.471358896989841
19, 64, 1024, 32, 0.4713589079910889
20, 64, 1024, 32, 0.47158336199936457
21, 64, 1024, 32, 0.4716585800051689
22, 64, 1024, 32, 0.47168691002298146
23, 64, 1024, 32, 0.4716869090043474
24, 64, 1024, 32, 0.4718148070096504
25, 64, 1024, 32, 0.4718759949901141
26, 64, 1024, 32, 0.47191225399728864
27, 64, 1024, 32, 0.4719123349932488
28, 64, 1024, 32, 0.4720618610153906
29, 64, 1024, 32, 0.47213831898989156
30, 64, 1024, 32, 0.4721954579872545
31, 64, 1024, 32, 0.47219552798196673
32, 64, 1024, 32, 0.47235159401316196
33, 64, 1024, 32, 0.4723538040125277
34, 64, 1024, 32, 0.4724288629950024
35, 64, 1024, 32, 0.47263105801539496
36, 64, 1024, 32, 0.4726917060033884
37, 64, 1024, 32, 0.47268195601645857
38, 64, 1024, 32, 0.47314761599409394
39, 64, 1024, 32, 0.4731477460009046
40, 64, 1024, 32, 0.47333093101042323
41, 64, 1024, 32, 0.4733930900110863
42, 64, 1024, 32, 0.47340613999404013
43, 64, 1024, 32, 0.4734061589988414
44, 64, 1024, 32, 0.47359627499827184
45, 64, 1024, 32, 0.4737115319876466
46, 64, 1024, 32, 0.4737782110169064
47, 64, 1024, 32, 0.4739474770030938
48, 64, 1024, 32, 0.47398668600362726
49, 64, 1024, 32, 0.47397883600206114
50, 64, 1024, 32, 0.47442511600092985
51, 64, 1024, 32, 0.47442513599526137
52, 64, 1024, 32, 0.4745761320227757
53, 64, 1024, 32, 0.47464484997908585
54, 64, 1024, 32, 0.474846004974097
55, 64, 1024, 32, 0.4752386460022535
56, 64, 1024, 32, 0.475286064989632
57, 64, 1024, 32, 0.4752964850049466
58, 64, 1024, 32, 0.47582097302074544
59, 64, 1024, 32, 0.47581914300099015
60, 64, 1024, 32, 0.4763648099906277
61, 64, 1024, 32, 0.4763664900092408
62, 64, 1024, 32, 0.47694490698631853
63, 64, 1024, 32, 0.4773761960095726
0, 64, 1024, 32, 0.47015883499989286
1, 4, 2048, 8, 22.529178284981754
3, 4, 2048, 8, 22.530322107981192
2, 4, 2048, 8, 22.529969616007293
0, 4, 2048, 8, 22.53627763799159
1, 16, 2048, 8, 7.534113764006179
4, 16, 2048, 8, 7.535814366012346
5, 16, 2048, 8, 7.536196640023263
6, 16, 2048, 8, 7.536837129009655
7, 16, 2048, 8, 7.539103531977162
10, 16, 2048, 8, 7.542570804012939
11, 16, 2048, 8, 7.5455991640046705
12, 16, 2048, 8, 7.546273282991024
13, 16, 2048, 8, 7.547882615996059
14, 16, 2048, 8, 7.548417147016153
15, 16, 2048, 8, 7.549855593999382
0, 16, 2048, 8, 7.533990185998846
2, 16, 2048, 8, 7.534735783992801
3, 16, 2048, 8, 7.535015199013287
8, 16, 2048, 8, 7.539759820996551
9, 16, 2048, 8, 7.54196000401862
1, 64, 2048, 8, 1.5334655990009196
2, 64, 2048, 8, 1.5342460059910081
3, 64, 2048, 8, 1.5343627340043895
4, 64, 2048, 8, 1.5346743389964104
5, 64, 2048, 8, 1.5351276510045864
6, 64, 2048, 8, 1.5351400210056454
7, 64, 2048, 8, 1.536267821007641
8, 64, 2048, 8, 1.53634749900084
9, 64, 2048, 8, 1.5364944970060606
10, 64, 2048, 8, 1.5366653540113475
11, 64, 2048, 8, 1.536841070977971
12, 64, 2048, 8, 1.5370853869826533
13, 64, 2048, 8, 1.5374028910009656
14, 64, 2048, 8, 1.5376535269897431
15, 64, 2048, 8, 1.5378317939757835
21, 64, 2048, 8, 1.5392887679918204
22, 64, 2048, 8, 1.539520665013697
23, 64, 2048, 8, 1.5397119910048787
24, 64, 2048, 8, 1.5399351870000828
25, 64, 2048, 8, 1.540123873972334
26, 64, 2048, 8, 1.5403218309802469
27, 64, 2048, 8, 1.5404542880132794
28, 64, 2048, 8, 1.540703043981921
29, 64, 2048, 8, 1.5409536699880846
30, 64, 2048, 8, 1.5411627560097259
31, 64, 2048, 8, 1.541325992991915
32, 64, 2048, 8, 1.5416076880064793
33, 64, 2048, 8, 1.5418142049747985
34, 64, 2048, 8, 1.5419967320049182
35, 64, 2048, 8, 1.5421457390184514
36, 64, 2048, 8, 1.5423837149864994
37, 64, 2048, 8, 1.5426963199861348
38, 64, 2048, 8, 1.5429265860002488
39, 64, 2048, 8, 1.543084512988571
40, 64, 2048, 8, 1.5434032680059317
41, 64, 2048, 8, 1.5436265130119864
42, 64, 2048, 8, 1.5438062000030186
43, 64, 2048, 8, 1.5439253380172886
44, 64, 2048, 8, 1.5443708109960426
45, 64, 2048, 8, 1.5446220960002393
46, 64, 2048, 8, 1.5448250930057839
47, 64, 2048, 8, 1.5449728700041305
48, 64, 2048, 8, 1.5452965550066438
49, 64, 2048, 8, 1.5454884910141118
50, 64, 2048, 8, 1.5456828479946125
51, 64, 2048, 8, 1.545840564998798
52, 64, 2048, 8, 1.546104890992865
53, 64, 2048, 8, 1.5463645959971473
54, 64, 2048, 8, 1.546664820984006
55, 64, 2048, 8, 1.5466647709836252
56, 64, 2048, 8, 1.5476222040015273
57, 64, 2048, 8, 1.5478345610026736
58, 64, 2048, 8, 1.5480396070051938
59, 64, 2048, 8, 1.5483899810060393
60, 64, 2048, 8, 1.5491850870021153
61, 64, 2048, 8, 1.5492522960121278
62, 64, 2048, 8, 1.5501470410090405
63, 64, 2048, 8, 1.5508705080137588
0, 64, 2048, 8, 1.5341606880247127
16, 64, 2048, 8, 1.5382545560132712
17, 64, 2048, 8, 1.5384599329845514
18, 64, 2048, 8, 1.5386159300105646
19, 64, 2048, 8, 1.5387764770130161
20, 64, 2048, 8, 1.5390480929927435
1, 4, 2048, 16, 21.802235176990507
2, 4, 2048, 16, 21.80279073800193
3, 4, 2048, 16, 21.803459685994312
0, 4, 2048, 16, 21.809065738983918
1, 16, 2048, 16, 7.274222831008956
4, 16, 2048, 16, 7.275983269995777
5, 16, 2048, 16, 7.276377774018329
6, 16, 2048, 16, 7.277082890999736
7, 16, 2048, 16, 7.279291144019226
0, 16, 2048, 16, 7.274051165004494
2, 16, 2048, 16, 7.274711493984796
3, 16, 2048, 16, 7.275073236000026
8, 16, 2048, 16, 7.279919431981398
9, 16, 2048, 16, 7.282228762982413
10, 16, 2048, 16, 7.282710493978811
11, 16, 2048, 16, 7.286013437988004
12, 16, 2048, 16, 7.2866842150106095
13, 16, 2048, 16, 7.2885573120147455
14, 16, 2048, 16, 7.2890429139952175
15, 16, 2048, 16, 7.290455970010953
8, 64, 2048, 16, 1.1169964160071686
9, 64, 2048, 16, 1.117001146019902
10, 64, 2048, 16, 1.1173125310160685
11, 64, 2048, 16, 1.1174842180043925
12, 64, 2048, 16, 1.1176845239824615
13, 64, 2048, 16, 1.1180364580068272
14, 64, 2048, 16, 1.1181526359869167
15, 64, 2048, 16, 1.1183353629894555
24, 64, 2048, 16, 1.1198965459770989
25, 64, 2048, 16, 1.1200481029809453
26, 64, 2048, 16, 1.120148240996059
27, 64, 2048, 16, 1.120141962019261
28, 64, 2048, 16, 1.120676521997666
29, 64, 2048, 16, 1.12067982199369
30, 64, 2048, 16, 1.1214676779927686
31, 64, 2048, 16, 1.1214676589879673
32, 64, 2048, 16, 1.121806042996468
33, 64, 2048, 16, 1.1218011820164975
34, 64, 2048, 16, 1.1220065600064117
35, 64, 2048, 16, 1.1220062790089287
36, 64, 2048, 16, 1.1223323339945637
37, 64, 2048, 16, 1.122537849994842
38, 64, 2048, 16, 1.1226870469981804
39, 64, 2048, 16, 1.1228425939916633
40, 64, 2048, 16, 1.1230410719872452
41, 64, 2048, 16, 1.1231745789991692
42, 64, 2048, 16, 1.1232941470225342
43, 64, 2048, 16, 1.1232941569760442
44, 64, 2048, 16, 1.1238406170159578
45, 64, 2048, 16, 1.1239780559844803
46, 64, 2048, 16, 1.1241288830060512
47, 64, 2048, 16, 1.1241291720070876
48, 64, 2048, 16, 1.1247038529836573
49, 64, 2048, 16, 1.124698833009461
50, 64, 2048, 16, 1.1254045509849675
51, 64, 2048, 16, 1.1254045410023537
52, 64, 2048, 16, 1.1257282349979505
53, 64, 2048, 16, 1.1258917920058593
54, 64, 2048, 16, 1.126077628985513
55, 64, 2048, 16, 1.1263686140009668
56, 64, 2048, 16, 1.1265191219863482
57, 64, 2048, 16, 1.1272026800143067
58, 64, 2048, 16, 1.1273127180174924
59, 64, 2048, 16, 1.1275758929841686
60, 64, 2048, 16, 1.1283712290169206
61, 64, 2048, 16, 1.1283893390209414
62, 64, 2048, 16, 1.129231475002598
63, 64, 2048, 16, 1.1299235929909628
1, 64, 2048, 16, 1.1156398689781781
2, 64, 2048, 16, 1.1163852660101838
3, 64, 2048, 16, 1.1163854069891386
4, 64, 2048, 16, 1.1167260109796189
5, 64, 2048, 16, 1.1169339069747366
6, 64, 2048, 16, 1.117104353994364
7, 64, 2048, 16, 1.117265150998719
16, 64, 2048, 16, 1.1187139559770003
17, 64, 2048, 16, 1.1188287450058851
18, 64, 2048, 16, 1.1188982730091084
19, 64, 2048, 16, 1.1188965420005843
20, 64, 2048, 16, 1.1192091970006004
21, 64, 2048, 16, 1.1193881439976394
22, 64, 2048, 16, 1.1195303710119333
23, 64, 2048, 16, 1.1195303720014635
0, 64, 2048, 16, 1.116368466988206
1, 4, 2048, 32, 21.901686044002417
2, 4, 2048, 32, 21.902816882997286
3, 4, 2048, 32, 21.903529632021673
0, 4, 2048, 32, 21.90889339899877
5, 64, 2048, 32, 0.9511082419776358
6, 64, 2048, 32, 0.951221278985031
7, 64, 2048, 32, 0.951221280003665
8, 64, 2048, 32, 0.9513465170166455
9, 64, 2048, 32, 0.9513244780246168
10, 64, 2048, 32, 0.9513461670139804
11, 64, 2048, 32, 0.9522078320151195
12, 64, 2048, 32, 0.9523834090214223
13, 64, 2048, 32, 0.9525901659799274
14, 64, 2048, 32, 0.9526814340206329
15, 64, 2048, 32, 0.9526817440055311
24, 64, 2048, 32, 0.9543989039957523
25, 64, 2048, 32, 0.9545022429956589
26, 64, 2048, 32, 0.9546055310056545
27, 64, 2048, 32, 0.9546055810060352
28, 64, 2048, 32, 0.9549256050086115
29, 64, 2048, 32, 0.9551049619913101
30, 64, 2048, 32, 0.9553598780184984
31, 64, 2048, 32, 0.9553605580003932
32, 64, 2048, 32, 0.9561821739771403
33, 64, 2048, 32, 0.9561935940000694
34, 64, 2048, 32, 0.9563566109864041
35, 64, 2048, 32, 0.9563559209927917
36, 64, 2048, 32, 0.9566594759817235
37, 64, 2048, 32, 0.956865882006241
38, 64, 2048, 32, 0.9569793299888261
39, 64, 2048, 32, 0.9569793400005437
40, 64, 2048, 32, 0.9573340830102097
41, 64, 2048, 32, 0.9574505109922029
42, 64, 2048, 32, 0.9575583690020721
43, 64, 2048, 32, 0.9575582590186968
44, 64, 2048, 32, 0.95781731500756
45, 64, 2048, 32, 0.9582348080002703
46, 64, 2048, 32, 0.958355417009443
47, 64, 2048, 32, 0.9583553259726614
48, 64, 2048, 32, 0.9587801290035713
49, 64, 2048, 32, 0.9588839770003688
50, 64, 2048, 32, 0.9590186350105796
51, 64, 2048, 32, 0.9589938550197985
52, 64, 2048, 32, 0.9593059799808543
53, 64, 2048, 32, 0.9594798070029356
54, 64, 2048, 32, 0.9598116900015157
55, 64, 2048, 32, 0.9604541099979542
56, 64, 2048, 32, 0.9604893689975142
57, 64, 2048, 32, 0.9604911490168888
58, 64, 2048, 32, 0.961494182003662
59, 64, 2048, 32, 0.961494891991606
60, 64, 2048, 32, 0.9623771369806491
61, 64, 2048, 32, 0.9625890629831702
62, 64, 2048, 32, 0.963326249999227
63, 64, 2048, 32, 0.9639494800067041
0, 64, 2048, 32, 0.9506072290241718
1, 64, 2048, 32, 0.9498864819761366
2, 64, 2048, 32, 0.9506342000095174
3, 64, 2048, 32, 0.950634248991264
4, 64, 2048, 32, 0.9509378850052599
16, 64, 2048, 32, 0.9533029629965313
17, 64, 2048, 32, 0.9532994629989844
18, 64, 2048, 32, 0.9534880699939094
19, 64, 2048, 32, 0.953488120023394
20, 64, 2048, 32, 0.9538048940012231
21, 64, 2048, 32, 0.953980941005284
22, 64, 2048, 32, 0.9540867189934943
23, 64, 2048, 32, 0.9540867999894544
1, 4, 2048, 32, 21.11390893999487
2, 4, 2048, 32, 21.114850074984133
3, 4, 2048, 32, 21.115515823010355
0, 4, 2048, 32, 21.120981810003286
2, 64, 2048, 32, 0.959773500013398
3, 64, 2048, 32, 0.959773418988334
4, 64, 2048, 32, 0.960069424007088
5, 64, 2048, 32, 0.9602745119773317
6, 64, 2048, 32, 0.9603729600203224
7, 64, 2048, 32, 0.9603728899965063
8, 64, 2048, 32, 0.9604301979998127
9, 64, 2048, 32, 0.9604211979894899
10, 64, 2048, 32, 0.9605911549879238
11, 64, 2048, 32, 0.9606528450094629
12, 64, 2048, 32, 0.9611202759842854
13, 64, 2048, 32, 0.9610902279964648
14, 64, 2048, 32, 0.9620820209966041
23, 64, 2048, 32, 0.9633347000053618
24, 64, 2048, 32, 0.963599353999598
25, 64, 2048, 32, 0.9637318630120717
26, 64, 2048, 32, 0.9638337310170755
27, 64, 2048, 32, 0.9638298009813298
28, 64, 2048, 32, 0.9641244359954726
29, 64, 2048, 32, 0.9643211319926195
30, 64, 2048, 32, 0.9645759890263434
31, 64, 2048, 32, 0.964576307014795
32, 64, 2048, 32, 0.9653320350043941
33, 64, 2048, 32, 0.9653372959874105
34, 64, 2048, 32, 0.965487892011879
35, 64, 2048, 32, 0.9654879419831559
36, 64, 2048, 32, 0.9658520070079248
37, 64, 2048, 32, 0.9660231930029113
38, 64, 2048, 32, 0.9661149829917122
39, 64, 2048, 32, 0.9661149919847958
40, 64, 2048, 32, 0.9667164819838945
41, 64, 2048, 32, 0.9667985300184228
42, 64, 2048, 32, 0.9669065380003303
43, 64, 2048, 32, 0.9669066880014725
44, 64, 2048, 32, 0.9672260530060157
45, 64, 2048, 32, 0.9673797900031786
46, 64, 2048, 32, 0.9675049289944582
47, 64, 2048, 32, 0.9675049780053087
48, 64, 2048, 32, 0.9681102180038579
49, 64, 2048, 32, 0.9681154379795771
50, 64, 2048, 32, 0.9687594769930001
51, 64, 2048, 32, 0.9687594870047178
52, 64, 2048, 32, 0.9690659120096825
53, 64, 2048, 32, 0.969233449024614
54, 64, 2048, 32, 0.9693705060053617
55, 64, 2048, 32, 0.9696142119937576
56, 64, 2048, 32, 0.9697960089833941
57, 64, 2048, 32, 0.9705334269965533
58, 64, 2048, 32, 0.9706930339743849
59, 64, 2048, 32, 0.9708709410042502
60, 64, 2048, 32, 0.9717291060078423
61, 64, 2048, 32, 0.971773305995157
62, 64, 2048, 32, 0.9725687820173334
63, 64, 2048, 32, 0.9732518210075796
0, 64, 2048, 32, 0.9597734199778643
1, 64, 2048, 32, 0.9590276830131188
15, 64, 2048, 32, 0.962081910984125
16, 64, 2048, 32, 0.9625766020035371
17, 64, 2048, 32, 0.9625759919872507
18, 64, 2048, 32, 0.962737180001568
19, 64, 2048, 32, 0.9627325999899767
20, 64, 2048, 32, 0.9630452739947941
21, 64, 2048, 32, 0.9632252010051161
22, 64, 2048, 32, 0.9633347000053618
1, 64, 2048, 8, 1.5429648930148687
2, 64, 2048, 8, 1.543989057012368
3, 64, 2048, 8, 1.5440886369906366
4, 64, 2048, 8, 1.5444422950095031
5, 64, 2048, 8, 1.544742814003257
6, 64, 2048, 8, 1.5449899829982314
7, 64, 2048, 8, 1.5452050320163835
8, 64, 2048, 8, 1.545406751014525
9, 64, 2048, 8, 1.5456173499987926
10, 64, 2048, 8, 1.5457948289986234
11, 64, 2048, 8, 1.545916428003693
12, 64, 2048, 8, 1.5462525360053405
13, 64, 2048, 8, 1.546487325016642
14, 64, 2048, 8, 1.546703084022738
15, 64, 2048, 8, 1.5468490740167908
16, 64, 2048, 8, 1.5471426419971976
17, 64, 2048, 8, 1.5473538810038008
18, 64, 2048, 8, 1.547531660005916
19, 64, 2048, 8, 1.5476863390067592
20, 64, 2048, 8, 1.5479212789796293
21, 64, 2048, 8, 1.548162407008931
22, 64, 2048, 8, 1.548380566004198
23, 64, 2048, 8, 1.548538525996264
24, 64, 2048, 8, 1.5488441440102179
25, 64, 2048, 8, 1.5490495229896624
26, 64, 2048, 8, 1.549237261991948
27, 64, 2048, 8, 1.549375761009287
28, 64, 2048, 8, 1.5496477400010917
29, 64, 2048, 8, 1.5498973290086724
30, 64, 2048, 8, 1.5501372579892632
31, 64, 2048, 8, 1.550311596976826
32, 64, 2048, 8, 1.5505665559903719
33, 64, 2048, 8, 1.5507820649945643
34, 64, 2048, 8, 1.5509530539857224
35, 64, 2048, 8, 1.551071702997433
36, 64, 2048, 8, 1.551340642006835
37, 64, 2048, 8, 1.5516037509951275
38, 64, 2048, 8, 1.5518098400207236
39, 64, 2048, 8, 1.5519895489851478
40, 64, 2048, 8, 1.5522417579777539
41, 64, 2048, 8, 1.552446816000156
42, 64, 2048, 8, 1.552659164997749
43, 64, 2048, 8, 1.5528035649913363
44, 64, 2048, 8, 1.5530696740024723
45, 64, 2048, 8, 1.5533168019901495
46, 64, 2048, 8, 1.5535810510045849
47, 64, 2048, 8, 1.553929549001623
48, 64, 2048, 8, 1.5542461579898372
49, 64, 2048, 8, 1.554454657016322
50, 64, 2048, 8, 1.5546510860149283
51, 64, 2048, 8, 1.5547940550022759
52, 64, 2048, 8, 1.5550443839747459
53, 64, 2048, 8, 1.5552978929772507
54, 64, 2048, 8, 1.555629960988881
55, 64, 2048, 8, 1.555630111019127
56, 64, 2048, 8, 1.5565279260044917
57, 64, 2048, 8, 1.556728996016318
58, 64, 2048, 8, 1.5569437039957847
59, 64, 2048, 8, 1.5572670430119615
60, 64, 2048, 8, 1.558072858984815
61, 64, 2048, 8, 1.558079409005586
62, 64, 2048, 8, 1.5590812239970546
63, 64, 2048, 8, 1.5596385110111441
0, 64, 2048, 8, 1.543873718008399
2, 64, 4096, 16, 20.779293995990884
3, 64, 4096, 16, 20.77960227499716
5, 64, 4096, 16, 20.781491967005422
6, 64, 4096, 16, 20.782158564019483
7, 64, 4096, 16, 20.783442275976995
8, 64, 4096, 16, 20.783799226017436
9, 64, 4096, 16, 20.786425792990485
10, 64, 4096, 16, 20.787193029012997
11, 64, 4096, 16, 20.787201428989647
12, 64, 4096, 16, 20.788232874008827
13, 64, 4096, 16, 20.78886218200205
14, 64, 4096, 16, 20.78951878900989
15, 64, 4096, 16, 20.789966095995624
16, 64, 4096, 16, 20.790878391999286
17, 64, 4096, 16, 20.791305969003588
18, 64, 4096, 16, 20.791665888013085
19, 64, 4096, 16, 20.792040375992656
20, 64, 4096, 16, 20.79297078200034
21, 64, 4096, 16, 20.79349809899577
22, 64, 4096, 16, 20.794761803001165
23, 64, 4096, 16, 20.79482344398275
24, 64, 4096, 16, 20.796812022977974
25, 64, 4096, 16, 20.797177731990814
26, 64, 4096, 16, 20.7975423099997
27, 64, 4096, 16, 20.797879239020403
28, 64, 4096, 16, 20.799183661001734
29, 64, 4096, 16, 20.79986522902618
30, 64, 4096, 16, 20.800545195001177
31, 64, 4096, 16, 20.801060883008176
32, 64, 4096, 16, 20.801768299017567
33, 64, 4096, 16, 20.80281173498952
34, 64, 4096, 16, 20.80290678498568
35, 64, 4096, 16, 20.80528304298059
36, 64, 4096, 16, 20.80659859700245
37, 64, 4096, 16, 20.807125174993416
38, 64, 4096, 16, 20.808185010013403
39, 64, 4096, 16, 20.808249358000467
40, 64, 4096, 16, 20.8102747189987
41, 64, 4096, 16, 20.810670598002616
42, 64, 4096, 16, 20.811083095002687
43, 64, 4096, 16, 20.81119722602307
44, 64, 4096, 16, 20.812372478976613
45, 64, 4096, 16, 20.813719463010784
46, 64, 4096, 16, 20.813852623017738
47, 64, 4096, 16, 20.816044761013472
48, 64, 4096, 16, 20.817322446004255
49, 64, 4096, 16, 20.817417426005704
50, 64, 4096, 16, 20.81988037400879
51, 64, 4096, 16, 20.82059499999741
52, 64, 4096, 16, 20.820973868016154
53, 64, 4096, 16, 20.823258526972495
54, 64, 4096, 16, 20.823645696014864
55, 64, 4096, 16, 20.824222674011253
56, 64, 4096, 16, 20.825599026982673
57, 64, 4096, 16, 20.826401722006267
58, 64, 4096, 16, 20.826698741002474
59, 64, 4096, 16, 20.827696286025457
60, 64, 4096, 16, 20.833814917015843
61, 64, 4096, 16, 20.83398624698748
62, 64, 4096, 16, 20.83637702598935
63, 64, 4096, 16, 20.83784991799621
4, 64, 4096, 16, 20.780620541016106
0, 64, 4096, 16, 20.77897681898321
1, 16, 4096, 8, 49.263076094008284
4, 16, 4096, 8, 49.27074791199993
5, 16, 4096, 8, 49.27295849600341
6, 16, 4096, 8, 49.27527279002243
7, 16, 4096, 8, 49.277434916002676
8, 16, 4096, 8, 49.282665753009496
9, 16, 4096, 8, 49.28492219699547
10, 16, 4096, 8, 49.29020763299195
11, 16, 4096, 8, 49.29214409200358
12, 16, 4096, 8, 49.29869870800758
13, 16, 4096, 8, 49.30085639300523
14, 16, 4096, 8, 49.304954967985395
15, 16, 4096, 8, 49.30712802399648
0, 16, 4096, 8, 49.261655976995826
2, 16, 4096, 8, 49.26400394900702
3, 16, 4096, 8, 49.265761800983455
1, 64, 4096, 8, 22.197744831006275
2, 64, 4096, 8, 22.20042799899238
3, 64, 4096, 8, 22.200964930991177
4, 64, 4096, 8, 22.202286840009037
5, 64, 4096, 8, 22.20329050399596
6, 64, 4096, 8, 22.204119121015538
7, 64, 4096, 8, 22.204922817996703
8, 64, 4096, 8, 22.20571979600936
9, 64, 4096, 8, 22.206166809017304
10, 64, 4096, 8, 22.206637671013596
11, 64, 4096, 8, 22.207375680009136
12, 64, 4096, 8, 22.20864141001948
13, 64, 4096, 8, 22.20953288601595
14, 64, 4096, 8, 22.210272974014515
15, 64, 4096, 8, 22.211128740018466
18, 64, 4096, 8, 22.213980806001928
19, 64, 4096, 8, 22.214489408012014
20, 64, 4096, 8, 22.215526651998516
21, 64, 4096, 8, 22.216685494000558
22, 64, 4096, 8, 22.217358622991014
23, 64, 4096, 8, 22.218288138974458
24, 64, 4096, 8, 22.219243963016197
25, 64, 4096, 8, 22.21998716102098
26, 64, 4096, 8, 22.220566451986087
27, 64, 4096, 8, 22.22108916399884
28, 64, 4096, 8, 22.22225763500319
29, 64, 4096, 8, 22.223134630999994
30, 64, 4096, 8, 22.22393297898816
31, 64, 4096, 8, 22.224662927008467
32, 64, 4096, 8, 22.225630802015075
33, 64, 4096, 8, 22.226315361011075
34, 64, 4096, 8, 22.226846973004285
35, 64, 4096, 8, 22.227339564997237
36, 64, 4096, 8, 22.22865133502637
37, 64, 4096, 8, 22.229651299014222
38, 64, 4096, 8, 22.230441855994286
39, 64, 4096, 8, 22.23111961601535
40, 64, 4096, 8, 22.23216590899392
41, 64, 4096, 8, 22.232966306997696
42, 64, 4096, 8, 22.233463818993187
43, 64, 4096, 8, 22.23432035499718
44, 64, 4096, 8, 22.235536745982245
45, 64, 4096, 8, 22.236556860007113
46, 64, 4096, 8, 22.237693011993542
47, 64, 4096, 8, 22.23909849001211
48, 64, 4096, 8, 22.239402534993133
49, 64, 4096, 8, 22.24151541199535
50, 64, 4096, 8, 22.24203328398289
51, 64, 4096, 8, 22.2425731359981
52, 64, 4096, 8, 22.2446600330004
53, 64, 4096, 8, 22.244836740021128
54, 64, 4096, 8, 22.24756795700523
55, 64, 4096, 8, 22.249085872987052
56, 64, 4096, 8, 22.24921368100331
57, 64, 4096, 8, 22.252547767973738
58, 64, 4096, 8, 22.25376110902289
59, 64, 4096, 8, 22.25444783901912
60, 64, 4096, 8, 22.256106091983384
61, 64, 4096, 8, 22.26055409197579
62, 64, 4096, 8, 22.26225072602392
63, 64, 4096, 8, 22.263095581991365
0, 64, 4096, 8, 22.19981686898973
16, 64, 4096, 8, 22.21264629700454
17, 64, 4096, 8, 22.21335995598929
1, 4, 4096, 16, 158.5222945509886
2, 4, 4096, 16, 158.52644704497652
3, 4, 4096, 16, 158.52705008501653
0, 4, 4096, 16, 158.54826322800363
1, 16, 4096, 16, 48.71907336000004
4, 16, 4096, 16, 48.72668034301023
5, 16, 4096, 16, 48.72884312001406
6, 16, 4096, 16, 48.73148916999344
7, 16, 4096, 16, 48.7336206670152
8, 16, 4096, 16, 48.73873622799874
9, 16, 4096, 16, 48.74109345200122
10, 16, 4096, 16, 48.74661020701751
11, 16, 4096, 16, 48.74883671299904
12, 16, 4096, 16, 48.75508956701378
13, 16, 4096, 16, 48.757581179001136
14, 16, 4096, 16, 48.76151104798191
15, 16, 4096, 16, 48.763085454003885
0, 16, 4096, 16, 48.71766760197352
2, 16, 4096, 16, 48.719693250983255
3, 16, 4096, 16, 48.722177532996284
1, 64, 8192, 32, 114.55709763601772
2, 64, 8192, 32, 114.5632325229817
3, 64, 8192, 32, 114.56530986799044
4, 64, 8192, 32, 114.56956661801087
5, 64, 8192, 32, 114.57214391999878
6, 64, 8192, 32, 114.57479452202097
7, 64, 8192, 32, 114.57727922400227
8, 64, 8192, 32, 114.58033377298852
9, 64, 8192, 32, 114.58203152098577
10, 64, 8192, 32, 114.58366606899654
11, 64, 8192, 32, 114.58547199598979
12, 64, 8192, 32, 114.58884306301479
13, 64, 8192, 32, 114.59075994900195
14, 64, 8192, 32, 114.593200532021
15, 64, 8192, 32, 114.59486022999045
16, 64, 8192, 32, 114.59775661001913
17, 64, 8192, 32, 114.59947268801625
18, 64, 8192, 32, 114.60113342601107
19, 64, 8192, 32, 114.60322376099066
20, 64, 8192, 32, 114.60631858999841
21, 64, 8192, 32, 114.60830098600127
22, 64, 8192, 32, 114.61067596898647
23, 64, 8192, 32, 114.61302100200555
24, 64, 8192, 32, 114.6151399470109
25, 64, 8192, 32, 114.61702524399152
26, 64, 8192, 32, 114.61838773402269
27, 64, 8192, 32, 114.6207190080022
28, 64, 8192, 32, 114.62365326698637
29, 64, 8192, 32, 114.62576554299449
30, 64, 8192, 32, 114.627920126979
31, 64, 8192, 32, 114.63023727099062
32, 64, 8192, 32, 114.63217952699051
33, 64, 8192, 32, 114.63405504397815
34, 64, 8192, 32, 114.63528806599788
35, 64, 8192, 32, 114.63773318799213
36, 64, 8192, 32, 114.64083210600074
37, 64, 8192, 32, 114.64277608299744
38, 64, 8192, 32, 114.64507739699911
39, 64, 8192, 32, 114.64707840199117
40, 64, 8192, 32, 114.64966039400315
41, 64, 8192, 32, 114.65160476099118
42, 64, 8192, 32, 114.65319098997861
43, 64, 8192, 32, 114.65541468400625
44, 64, 8192, 32, 114.65794983599335
45, 64, 8192, 32, 114.66035838902462
46, 64, 8192, 32, 114.6624137449835
47, 64, 8192, 32, 114.66479568800423
48, 64, 8192, 32, 114.66854228099692
49, 64, 8192, 32, 114.66859310099971
50, 64, 8192, 32, 114.67244376399321
51, 64, 8192, 32, 114.67447694999282
52, 64, 8192, 32, 114.67757010800415
53, 64, 8192, 32, 114.6813306910044
54, 64, 8192, 32, 114.68122813198715
55, 64, 8192, 32, 114.6891388160002
56, 64, 8192, 32, 114.68963585299207
57, 64, 8192, 32, 114.69447695897543
58, 64, 8192, 32, 114.69778318499448
59, 64, 8192, 32, 114.70052861599834
60, 64, 8192, 32, 114.7034046560002
61, 64, 8192, 32, 114.71122496100725
62, 64, 8192, 32, 114.71464137700968
63, 64, 8192, 32, 114.71691001098952
0, 64, 8192, 32, 114.56137164600659
1, 64, 4096, 16, 20.602852840995183
2, 64, 4096, 16, 20.602898419980193
3, 64, 4096, 16, 20.605788985005347
4, 64, 4096, 16, 20.607437999977265
5, 64, 4096, 16, 20.607582738011843
6, 64, 4096, 16, 20.60821446799673
7, 64, 4096, 16, 20.608804699004395
8, 64, 4096, 16, 20.60918702199706
9, 64, 4096, 16, 20.60951190700871
10, 64, 4096, 16, 20.609825442021247
11, 64, 4096, 16, 20.61018830697867
12, 64, 4096, 16, 20.611036624002736
13, 64, 4096, 16, 20.61173401301494
14, 64, 4096, 16, 20.61247307099984
15, 64, 4096, 16, 20.613172891025897
16, 64, 4096, 16, 20.614414491021307
17, 64, 4096, 16, 20.61467752698809
18, 64, 4096, 16, 20.615208818984684
19, 64, 4096, 16, 20.615586453001015
20, 64, 4096, 16, 20.616584767994937
21, 64, 4096, 16, 20.61721214800491
22, 64, 4096, 16, 20.618373929988593
23, 64, 4096, 16, 20.618465178995393
24, 64, 4096, 16, 20.620350408978993
25, 64, 4096, 16, 20.620815431990195
26, 64, 4096, 16, 20.62121501500951
27, 64, 4096, 16, 20.621538080013124
28, 64, 4096, 16, 20.62254654499702
29, 64, 4096, 16, 20.62321297399467
30, 64, 4096, 16, 20.62387427399517
31, 64, 4096, 16, 20.624269908003043
32, 64, 4096, 16, 20.625132404005853
33, 64, 4096, 16, 20.626152609009296
34, 64, 4096, 16, 20.62624961702386
35, 64, 4096, 16, 20.628334325010655
36, 64, 4096, 16, 20.629570425022393
37, 64, 4096, 16, 20.630078257992864
38, 64, 4096, 16, 20.631355257006362
39, 64, 4096, 16, 20.631440236000344
40, 64, 4096, 16, 20.633412484981818
41, 64, 4096, 16, 20.633810648985673
42, 64, 4096, 16, 20.6342062530166
43, 64, 4096, 16, 20.63445385900559
44, 64, 4096, 16, 20.63579944902449
45, 64, 4096, 16, 20.63651110700448
46, 64, 4096, 16, 20.637144767009886
47, 64, 4096, 16, 20.63763959001517
48, 64, 4096, 16, 20.638489247008692
49, 64, 4096, 16, 20.63906377798412
50, 64, 4096, 16, 20.639851835992886
51, 64, 4096, 16, 20.639890024991473
52, 64, 4096, 16, 20.642699790972983
53, 64, 4096, 16, 20.64317802398
54, 64, 4096, 16, 20.643816013995092
55, 64, 4096, 16, 20.644959555997048
56, 64, 4096, 16, 20.646883376000915
57, 64, 4096, 16, 20.647036364011
58, 64, 4096, 16, 20.64931716801948
59, 64, 4096, 16, 20.64977599098347
60, 64, 4096, 16, 20.652057626022724
61, 64, 4096, 16, 20.655859266000334
62, 64, 4096, 16, 20.65734244300984
63, 64, 4096, 16, 20.657856865000213
0, 64, 4096, 16, 20.60245374700753
